 11.12484529182844 5.717457508270464 0
 0.9577519328102326 3.216966512511622 0
 5.324803162378777 8.873321728036128 0
 8.797460073112171 2.502856551526902 0
 -0.5364295367925971 -6.782485973769091 0
 3.078171119506385 4.6466549289632 0
 -3.941205344456058 -0.2915048893902137 0
 8.969644532584653 2.44100217981269 0
 1.601315466485899 10.2795013208233 0
 -1.43848819857877 7.440327425759257 0
 0.7477431390685663 -5.902885298174072 0
 11.10100997241551 4.468775388347578 0
 4.965936345399324 6.319937779821491 0
 4.367791162892856 -0.9241579591511888 0
 8.954358255153025 7.886852255080051 0
 4.683304792077001 4.463557727339705 0
 5.650509990008999 7.1342914746786 0
 2.516121030782239 10.27821828225189 0
 5.635722366134729 -1.539660020473189 0
 7.031948925558964 2.674431941956702 0
 8.735969814760988 2.128101613107231 0
 5.809474409070798 6.974423465135006 0
 -4.696485287323373 1.042792019271333 0
 0.1451027288674114 5.958263004448578 0
 2.87099036515205 1.878212223421395 0
 2.543969172692175 6.674630210779626 0
 5.888210642189878 6.624261357373157 0
 -1.143248175623437 5.47744256443678 0
 12.07316237481402 12.27639543424769 0
 -5.398721774952335 12.18254864458202 0
 6.838677059559895 9.235958531362304 0
 4.647152138085739 7.141552909946284 0
 0.3340197451095506 0.6898720605494875 0
 3.557553074981256 7.939494730866834 0
 5.662533689411847 5.198529150948581 0
 4.726984294912478 -6.554028252426393 0
 3.744931382879903 0.9730927960354032 0
 6.319853993758647 3.222496361147074 0
 6.015144876944028 3.449674082970608 0
 6.947136731840427 3.434936268177708 0
 20.86141964288608 14.02999995618298 1
 15.06630964898069 26.37952921920724 1
 9.61331469778143 13.54300959447581 1
 16.8018070700197 12.33590172954761 1
 11.48807112632808 10.80120852295158 1
 15.26563375408121 11.82684527038712 1
 14.49173776712621 11.38790925409731 1
 14.45361167942973 15.30104177737365 1
 16.35702178872281 16.97902041551985 1
 14.95197829348254 11.8382499170308 1
 16.79507965210122 8.817609121355762 1
 15.26837216878525 19.51445927048727 1
 18.93295222910435 17.2054326208117 1
 11.2476460384883 12.82511751017549 1
 14.5736898388435 11.4968451867723 1
 20.03909879793359 14.68269499708181 1
 9.382013208221231 17.29958700129217 1
 16.6763702050478 14.47071630133898 1
 13.2319238163013 7.483980492947281 1
 14.02242775930127 20.7936194495173 1
 14.3223009953164 15.68901588130199 1
 10.64496280193167 12.74724024176669 1
 19.75969137597512 22.26979403245103 1
 17.33522948638071 9.660666815328693 1
 18.43393185636542 18.32367956437939 1
 13.60746838227692 16.35036781523388 1
 15.98820092148371 18.11851141118099 1
 20.61410870775161 14.88949916022943 1
 17.78019626664974 14.5662488050241 1
 22.27988432023679 10.82798306765525 1
 18.04659333308052 12.76139598822598 1
 6.742306602616782 11.09046482021274 1
 21.59392310174731 16.55217257916909 1
 13.40262452305264 14.97979660331504 1
 12.59464668584587 8.657690736702751 1
 13.64403125276783 12.54123211165566 1
 16.79567749603873 14.53500291608547 1
 18.4018076931972 18.1629666973171 1
 12.2317843677642 14.16698569331823 1
 17.59262972804655 10.88859223000061 1


